NODECOUNT:  57
GEOMETRY: euclidean
ALPHA/BETA/GAMMA:  1 0 8
PACKNAME: Empty-dc
BOUQUET: 
1 16   6 9 8 12 11 14 13 16 15 18 17 20 19 23 22 25 6
2 12   60 32 30 49 7 9 6 25 24 64 61 62 60
3 8   7 49 47 48 10 12 8 9 7
4 8   44 14 11 12 10 48 45 46 44
5 8   21 66 63 64 24 25 22 23 21
6 4   1 25 2 9 1
7 4   2 49 3 9 2
8 4   3 12 1 9 3
9 6   1 6 2 7 3 8 1
10 4   3 48 4 12 3
11 4   4 14 1 12 4
12 6   1 8 3 10 4 11 1
13 4   29 16 1 14 29
14 6   1 11 4 44 29 13 1
15 4   28 18 1 16 28
16 6   1 13 29 41 28 15 1
17 4   265 20 1 18 265
18 6   1 15 28 278 265 17 1
19 4   264 23 1 20 264
20 6   1 17 265 275 264 19 1
21 4   264 66 5 23 264
22 4   5 25 1 23 5
23 6   1 19 264 21 5 22 1
24 4   5 64 2 25 5
25 6   1 22 5 24 2 6 1
26 16   30 32 31 34 33 37 36 40 39 43 42 46 45 48 47 49 30
27 8   35 94 91 92 38 40 36 37 35
28 32   278 18 15 16 41 43 39 40 38 92 89 90 88 132 129 130 128 380 377 378 365 367 363 364 331 333 329 330 281 283 279 280 278
29 8   41 16 13 14 44 46 42 43 41
30 4   26 49 2 32 26
31 4   52 34 26 32 52
32 6   26 30 2 60 52 31 26
33 4   51 37 26 34 51
34 6   26 31 52 57 51 33 26
35 4   51 94 27 37 51
36 4   27 40 26 37 27
37 6   26 33 51 35 27 36 26
38 4   27 92 28 40 27
39 4   28 43 26 40 28
40 6   26 36 27 38 28 39 26
41 4   28 16 29 43 28
42 4   29 46 26 43 29
43 6   26 39 28 41 29 42 26
44 4   29 14 4 46 29
45 4   4 48 26 46 4
46 6   26 42 29 44 4 45 26
47 4   3 49 26 48 3
48 6   26 45 4 10 3 47 26
49 6   26 47 3 7 2 30 26
50 16   56 59 58 62 61 64 63 66 65 69 68 72 71 75 74 77 56
51 12   95 97 93 94 35 37 33 34 57 59 56 77 76
52 8   57 34 31 32 60 62 58 59 57
53 8   67 258 255 256 70 72 68 69 67
54 8   73 75 71 72 70 256 253 254 252
55 4   76 77 74 75 73
56 4   50 77 51 59 50
57 4   51 34 52 59 51

END
