NODECOUNT:  45
GEOMETRY: euclidean
ALPHA/GAMMA:  1  8
PACKNAME: Empty-dc
BOUQUET: 
1 12   8 11 10 14 13 17 16 20 19 23 22 25 8
2 8   31 33 30 45 9 11 8 25 24
3 8   9 45 43 44 12 14 10 11 9
4 8   15 17 13 14 12 44 41 42 40
5 4   18 20 16 17 15
6 4   21 23 19 20 18
7 4   24 25 22 23 21
8 4   1 25 2 11 1
9 4   2 45 3 11 2
10 4   3 14 1 11 3
11 6   1 8 2 9 3 10 1
12 4   3 44 4 14 3
13 4   4 17 1 14 4
14 6   1 10 3 12 4 13 1
15 2   5 17 4
16 4   5 20 1 17 5
17 6   1 13 4 15 5 16 1
18 2   6 20 5
19 4   6 23 1 20 6
20 6   1 16 5 18 6 19 1
21 2   7 23 6
22 4   7 25 1 23 7
23 6   1 19 6 21 7 22 1
24 2   2 25 7
25 6   1 22 7 24 2 8 1
26 12   30 33 32 36 35 39 38 42 41 44 43 45 30
27 4   34 36 32 33 31
28 4   37 39 35 36 34
29 4   40 42 38 39 37
30 4   26 45 2 33 26
31 2   27 33 2
32 4   27 36 26 33 27
33 6   26 30 2 31 27 32 26
34 2   28 36 27
35 4   28 39 26 36 28
36 6   26 32 27 34 28 35 26
37 2   29 39 28
38 4   29 42 26 39 29
39 6   26 35 28 37 29 38 26
40 2   4 42 29
41 4   4 44 26 42 4
42 6   26 38 29 40 4 41 26
43 4   3 45 26 44 3
44 6   26 41 4 12 3 43 26
45 6   26 43 3 9 2 30 26

ANGLE_AIMS:
 1  0.000000e+00
 15  3.141593e+00
 18  3.141593e+00
 21  3.141593e+00
 24  3.141593e+00
 26  0.000000e+00
 31  3.141593e+00
 34  3.141593e+00
 37  3.141593e+00
 40  3.141593e+00

  (done)

RADII: 
4.900000000e-01   4.900000000e-01   4.900000000e-01   4.900000000e-01  
4.900000000e-01   4.900000000e-01   4.900000000e-01   4.900000000e-01  
4.900000000e-01   4.900000000e-01   4.900000000e-01   4.900000000e-01  
4.900000000e-01   4.900000000e-01   4.900000000e-01   4.900000000e-01  
4.900000000e-01   4.900000000e-01   4.900000000e-01   4.900000000e-01  
4.900000000e-01   4.900000000e-01   4.900000000e-01   4.900000000e-01  
4.900000000e-01   4.900000000e-01   4.900000000e-01   4.900000000e-01  
4.900000000e-01   4.900000000e-01   4.900000000e-01   4.900000000e-01  
4.900000000e-01   4.900000000e-01   4.900000000e-01   4.900000000e-01  
4.900000000e-01   4.900000000e-01   4.900000000e-01   4.900000000e-01  
4.900000000e-01   4.900000000e-01   4.900000000e-01   4.900000000e-01  
4.900000000e-01   

END
