-r 100 -f new_rand.data 

0.24487300288326252  0.11714629564012403  0.24487300288326086  0.1171462956401243  

0.13775211517803823  -0.09170398929343672  -0.3921466642492722  0.4062148532183869  -0.9378319137501154  0.3283564919823969  -0.37467394322412434  

0.05667760425756276  0.03761601057414356  -0.3209068842097256  0.3190942821672258  -0.3332805801938045  0.0465475491279911  

-0.0925389919915924  0.38980057320315153  -0.09253899199158686  0.38980057320304007  

-0.11806323139524152  0.11853108799898215  0.29665327924895946  -2.818216176696914  0.7418852326535916  -1.4019480755549631  

0.3493435195398077  -0.23550572299312317  0.13010317019744316  0.1849722827040778  -0.28419300703199557  

-0.010804296911361283  4.723494826177274E-4  -0.1265896619603767  -0.5675943008716484  0.4290794829259782  -0.670998606558023  0.007424333863793318  -0.10657110845531761  

0.057740396949323085  -0.4102291551179155  0.3538852687562042  -2.0005189849202747  0.6576855304904572  -1.2275674223654982  -0.03264250739713012  -0.01998426372254365  

-0.5567598725941834  0.10474693077032024  -0.11888784112283793  -0.08903000484102172  -0.17676328038660033  0.2556044111511322  -0.9529545453499  0.39526099048572294  

0.007780243472267412  0.002581340894993487  -0.05206486625560544  0.08302989250657308  -0.07927018667888386  0.027723417968954528  

-0.01438009617417494  0.05328139816924185  -0.05504900197050982  0.010134315497222325  0.029835540912450144  -0.02955174934760277  

-0.3961246419142531  0.47569775700051276  -0.6500987219362216  0.3095041793454912  0.07886571440444409  

0.13663963064882123  -0.08315681727864464  -0.03156740743764334  0.06497422817415566  -0.5810618883927794  0.4243346662005927  -0.6983752981789053  

0.19622220850192668  -0.041550378863454335  0.08626857823166185  0.12732052479907463  -0.07103782259747371  

0.07793937404184006  -0.10501855779519645  0.12648889038673  -0.16515053230637378  0.125525779849958  -0.10380153504962264  

-0.5370826297106918  0.35739771938111203  -0.43681547529311127  0.0899940367358658  -0.2074777704055334  0.11016062731316374  -0.002675106135446831  

0.10881854171440601  -0.1419404356887916  0.2846997599922223  -0.1853165157082917  0.16255874433368409  

-0.586332116688379  -0.03702344216482421  0.21130290930311157  -0.08417498675342043  -0.5173413998334089  0.4609668121428214  

0.6336315507815439  -1.4570299860910088  0.17009573689225804  0.138513363511711  -0.04491262842659435  -0.951454700199145  

0.030970713921102462  -0.07696478118802871  0.0721690442040721  -0.03530529833086247  -0.008021899172426294  0.008710760045386382  

0.06973023168434161  0.1393802483567061  -2.448167760746712  0.7590717690842732  -2.156532575205983  0.18043073637477022  -0.14171856651089193  

-0.9183317626923371  0.5802194229665681  -0.7626924068163611  0.18256714141038477  0.29572960465923165  

0.3018419083694224  0.04510643841482723  0.30184190836940694  0.045106438414821357  

0.057112331077654725  -0.10195503347828744  0.28466813667080276  -2.131157006076717  0.6466588024914264  -0.8772115400921632  -0.15296158946804048  

-0.8961170273676308  0.14553238257955883  -0.2742580937733472  -0.10376454240536737  0.18779789957483817  -0.20863395041398655  -0.9719497673246387  0.535652971753104  

0.17752049000342118  0.1894428267648901  0.17752049000343995  0.18944282676490928  

-0.44732277289148753  0.22619415258057562  0.14202969898570292  -0.3624545330818072  0.42743751905106425  

0.02544234552056497  0.10943443449414089  0.03230892094288199  0.07409040252714874  0.08468212812320242  

-0.06238861106036468  0.10680528984642179  -0.23343183102167261  0.21929382864389535  -0.21546354101214546  0.09360112448441424  

0.00971305579296226  0.09606074647362389  -0.3578280591596087  0.31051539628721625  -0.29830200167358567  0.054615890115147385  

0.02634978869486767  -0.09033272850904121  -0.06040204292838331  0.20960230693411275  -0.34312473431932544  0.13917819898640657  

0.09120469263951053  0.20679068372990048  -0.27830064918566777  0.3287756294086375  -0.1788799398157273  

0.020165251526510452  0.12807782611662433  0.003732465438898082  0.09759059897307838  0.07277358349202158  

0.272177513396016  -0.42849277402482616  0.2840163006186093  -0.31707038525333464  0.21060470683456253  -0.2956468701309217  

0.07107476371143308  0.1172588292584706  -0.031694384442487206  0.15706765329393604  -6.149862424709163E-5  

0.2217519184491543  -0.25908937944414717  -0.03875255968838705  0.10392457842342562  -0.3101358321696879  0.20064212476013804  -0.3998044286666024  

0.4219620464861703  -1.248275979038975  0.49705578959238417  -0.6537346577429601  0.006319088475318112  0.15331751152399004  -0.558310406924185  

0.12820281735600064  -0.04306194024308074  0.16138046771739128  0.002329853760604288  0.06226980045402582  

-0.1285351992553075  0.08938520927706343  -0.19759750747640087  0.009213998167448032  0.017187487033775692  -0.14163849762142536  0.03030348046517964  

0.0631852921606464  -0.10032900930834616  0.27635469974581206  -0.20805532320614928  0.19820842270369277  

-0.28298046394646814  -0.08155974944033673  -0.14240809208227032  0.1693152589443106  -0.09956326693172003  -0.5267249206250042  0.34039190780319506  

-0.14110990598984965  0.09736010960601538  -0.033187456367579526  -0.011513801645516098  -0.018286966321724746  0.08415187150944958  

-0.5525965891745009  0.14018245679449612  0.08474168189040393  -0.4724843514501983  -0.2020625320184129  -0.01769195253897729  0.1303722415337945  -0.41221063735003044  0.08137739613393152  

0.24429369301375453  0.1178230742504609  0.2442936930137563  0.11782307425046003  

-0.010348169786144924  0.0668093328243642  -0.029298214148715397  -0.08153572147443147  0.12823269363950893  -0.10182095632172525  

0.06786759365365769  0.2396647079704671  -0.3403332896802889  0.3497884177258274  -0.1877873909285382  

-0.5049398557433832  0.1903430612412778  0.08896512650752182  -0.3327375989805331  0.08572775499901142  0.19320999756092147  

-0.13303761597750743  -0.29840631532254397  -0.044250800568243764  -0.659519600211798  0.47464887723644306  -1.0483343224683297  0.13760278723318778  -0.303200161942592  -0.050352235765684525  -0.24214914583559008  0.10523747238209373  

-0.052463362547809055  -0.023310487900214092  0.26946631493554635  -0.2880629028482168  0.28253354945353953  

0.22465461313592164  0.14016813930768587  0.22465461313594307  0.14016813930763866  

0.050214429885135525  0.09084451787408904  0.05746809924219922  -4.705807319351689  0.8557848390880537  -3.5105031026242606  -0.10470807370135825  

-0.07848773076995906  -0.04495801776814163  0.18576767202832536  -0.31022676176290526  0.13986308765636826  0.010810270748792344  

-0.8512046157781282  0.5705924140388507  -1.082406266364048  -0.1580095087487133  0.26892667472804294  -0.271296267290592  0.047928707142617016  

-0.3800807287953635  0.26395477663953104  -0.24804686059985062  0.1356182052079409  -0.1751772589403372  0.21831457911049754  

-0.160810875393085  0.14322897500255194  -0.08934072388770364  0.005507549853027098  -5.6987251877103906E-5  0.06673761548184591  

-0.4422078220734084  0.4618026871371833  -0.5200909724106998  0.23294564022994263  0.16034412869406842  

0.09395434128341962  -0.13798812715606917  0.2913288089259476  -0.2085139752801797  0.18052161155034513  

-0.8659480675934508  0.4771625041252666  -0.46436944704489136  -0.020975515835640494  0.044455425266195836  0.198752967707799  

0.49156264154171564  -0.42172294359863505  -0.42779955088560584  0.17501642854644486  -0.0205039374824047  0.017066623836616515  -0.970427253091006  

0.17044374139900642  -0.031478724093781676  -0.7657753354488201  0.5583479671979713  -0.9374293960729589  0.059909128179525144  

0.39072276954219104  -0.3092056778073612  -0.0801576093233489  0.10913824000802376  0.10460944077195247  -0.5793649603276448  

-0.0030590644650567572  -0.12257361394332397  -0.033659972422854643  0.07450160745519525  -0.2229861886778703  0.04055938914320638  -0.05368317037552693  

0.2879036893860691  0.29866443859467473  -1.5879229541499988  0.7123321122208773  -1.5663260998738862  

0.4819415880823135  -0.6239549495676946  0.2811857171162364  0.12016982415446528  -0.44451076526972694  

0.10289326652149915  0.056801967999372614  -0.25503806369909326  0.1814394279148653  -0.03370396079061164  -0.145153232131849  

0.22308258839729717  0.05387430209453086  -0.1237014627217289  0.30418635554104784  -0.26410177022357484  

-0.29793861981276126  0.19826684840697129  -0.5004092619491151  0.18799779459642285  -0.19924370830426807  -0.0730434530516467  -0.07843097729261088  0.03316122455552071  

0.37427606327092505  -0.5650313596261218  -0.2093501532546334  0.13323325647831588  -0.13989617660890732  -0.00976175943658604  -0.16494423328457342  -0.3837673595397088  

-0.3043831548024169  0.15827096029084145  0.0036224624053759072  -0.11906611082972757  0.018880859960472618  0.14518036222032155  

-0.24076936244144545  -0.06366239131037033  -0.2793230768895243  0.21280177324785188  -0.4364237718914183  0.061599611828618984  -0.13790531227678623  -0.22537317081391045  0.1364542602009303  

0.11194335636373373  -0.20593090828615696  -0.05465007169821355  0.09717856115830398  -0.18808583536031698  0.01690940454686981  -0.12365497467546445  

-1.0946014781991795  0.5470039338315797  -0.7370593034917305  0.14744609471171582  -0.11294573155869357  0.29297448305863083  

-0.6781486226612352  0.08670811325505415  -0.3566812545100146  0.1055228203143924  -0.10171354669651689  -0.23017940528444994  -0.12720052107985613  -0.12602553042016135  -0.08316864835648173  -0.1834867188243359  0.18749645705908527  

-0.3037945309845006  -0.1122414500150154  0.1269842186525669  0.10549593693568754  -0.6211601260883348  0.4010435348698185  

0.02983902606572145  -0.07215788824722616  -0.4156298652560441  0.33160302093722177  -0.33563074363096257  -0.12779921419759616  0.03745970233855139  

0.11608849104594984  0.03516884610129985  0.06237779730990837  0.10021341373182695  0.01045550873113843  

0.377688334342732  -0.6470783969361625  0.4218464105592562  -0.1979950547230539  -0.07201985861087945  

0.23184284079513406  -0.26415521209064785  0.03858273500754638  -0.20860948426095793  0.16353945585051322  -0.13790364398743424  -0.2742089793819435  

0.09843445803328568  0.09121870321822864  -0.014361059135370637  0.15823617834095455  -0.019310212184819688  

-0.04431106684687636  0.03480177148841731  0.19874496077191472  -0.16850011925917519  0.2378342323572639  

0.5987565852759098  -1.0449988169610043  0.1131406114234438  0.08320744248946685  0.10498585344967903  -1.0263661836410567  

-0.12527783874493664  0.2223754250228085  -0.04768661711254904  0.06173012006678619  0.1662365938033171  

0.20925612681832526  -0.038000313847072656  0.06447243943072725  0.1556961497807947  -0.1046059942871497  

-0.014432044880205292  -0.13038640275122354  0.15444336014484664  -0.09333328675168882  -0.048811194118646664  0.08867703376156667  

0.27000360620607783  -1.736617015039344  0.6667524113289204  -1.3847254495540455  0.10497577097786799  0.025102433633235256  -0.17283075820271673  

0.06435223339280705  -0.16484454234381954  0.19212647433975416  -0.21375456200584525  0.10205553197885871  -0.04800140853169169  

-0.08797205477234969  0.15741598901648612  0.04845443520597676  -0.010434316127641258  0.18866627369573646  

-0.12466660375501162  -0.2209644354922723  0.29813219618344894  -0.412532767583009  -0.17904906509951607  0.1958643674445117  -0.1310184593385481  

-0.6109510722968856  0.10646035858864333  -0.07300166132822225  0.03710105727180772  -0.09224611902631559  -0.33574134034455594  0.35575541150897944  

0.12837843977623817  -0.0432720746213548  0.16148206025894773  0.002329901232228905  0.062148151368232915  

0.221637198447  -0.07674658159254329  0.10472531746442545  0.1257193779675784  -0.09231891683095828  

-0.14754300736159146  0.15364635809549002  0.0986519037305382  -0.10486459300451725  0.25603929972878514  

0.22007842958471524  -0.32820614274944604  0.2619003247062368  -1.0492419524405117  0.4915957818989916  -0.5366132842919645  -0.2124086026401072  

0.06591260932063964  0.008080450894800008  -0.0346347240915518  -0.021354045869035804  0.092832160272922  -0.13129496446680744  

0.1217230395297746  -0.0551244080728452  0.18226606100149492  -0.027726419076021996  0.08291771344158111  

-0.06724931925121283  0.07406985235838497  0.024521189643699835  -0.16372063366226758  0.15082856558554286  -0.06365476073426386  

-0.05325300503634889  -0.34441725761806247  0.38338673116300426  -0.4912790610457296  0.05047180397208442  0.12695007544949624  

-0.7905581275898099  0.11223560859179661  0.17917341881978688  -1.383171418218001  0.6610062461629688  -2.202407995453882  0.546351032342073  

-0.08320104277288612  0.3845402281373533  -0.08320104277283763  0.3845402281378142  

0.043350007592988266  0.12901299278907644  -0.02287882144508771  0.13415407045143773  0.034241672946330494  

