NODECOUNT:  7
GEOMETRY: euclidean
ALPHA/GAMMA:  1  2
PACKNAME: Seed 6
BOUQUET: 
1 6   2 3 4 5 6 7 2
2 2   3 1 7
3 2   4 1 2
4 2   5 1 3
5 2   6 1 4
6 2   7 1 5
7 2   2 1 6

RADII: 
3.333181999e-01   3.333181999e-01   3.333181999e-01   3.333181999e-01  
3.333181999e-01   3.333181999e-01   3.333181999e-01   

CENTERS:
0.0000000000e+00 0.0000000000e+00  3.1294996510e-15 6.6663639970e-01  
-5.7732405723e-01 3.3331819985e-01  -5.7732405723e-01 -3.3331819985e-01  
-1.5647498255e-15 -6.6663639970e-01  5.7732405723e-01 -3.3331819985e-01  
5.7732405723e-01 3.3331819985e-01  

END
