3
25
-1.21479511e-01 6.21186202e-01 -7.74190177e-01
2.88264721e-01 4.96936819e-01 8.18509162e-01
2.80709787e-01 4.26890056e-01 8.59631837e-01
1.58876713e-01 5.38827084e-01 8.27298957e-01
-4.50122403e-01 -1.12406238e-01 -8.85863793e-01
-9.05953768e-01 -1.29126838e-01 -4.03204699e-01
9.81425743e-01 1.45722871e-01 1.24773215e-01
-6.15233618e-01 -4.63361172e-01 -6.37796222e-01
5.24744692e-01 -4.98645818e-01 6.89924167e-01
5.19728683e-01 1.82873635e-01 -8.34529406e-01
5.45401910e-01 -1.01046799e-01 8.32061477e-01
-6.14501670e-01 -1.78999065e-01 -7.68340440e-01
-9.73851185e-01 1.79466535e-01 -1.39304099e-01
6.80117274e-01 -7.15445273e-01 -1.59932972e-01
3.24851131e-01 -8.72533576e-01 3.64906703e-01
3.98350939e-01 9.15698900e-01 -5.30288039e-02
-3.41815969e-01 -5.48735810e-01 -7.62922574e-01
-3.82023482e-01 8.95583651e-01 -2.28008734e-01
-8.20989598e-01 7.65363224e-02 5.65789954e-01
-9.98946211e-02 -8.10177978e-01 5.77609477e-01
7.94861802e-01 -6.05800041e-01 3.46558103e-02
4.35254114e-01 8.98999643e-01 -4.85128623e-02
-8.91016163e-01 -3.16764145e-01 3.25193285e-01
3.28720347e-01 9.43411794e-01 4.37849281e-02
-8.84530143e-01 -4.63310222e-01 -5.43144974e-02
